%a
P_x_6_0 = binopdf(0,60,0.1)

%b
P_x_1200_100 = 1 - binocdf(100,1200,0.1)