P = [0.7 0.3; 0.4 0.6];
%a st state
% [pi1 pi2] = [4/7 3/7]
%b 
P0 = [0.2 0.8];